Episode;Duration;Value;Epsilon
1;0:00:08.746313;5834.736945363725;1.0
2;0:00:09.007633;7695.285664805552;0.9993571428571428
3;0:00:09.507731;6499.627515080483;0.9987142857142857
4;0:00:10.540196;10433.069040188417;0.9980714285714285
5;0:00:10.661261;8475.174883381822;0.9974285714285713
6;0:00:10.201427;5526.453375119956;0.9967857142857142
7;0:00:12.201415;6390.033834756671;0.996142857142857
8;0:00:14.679670;7341.24160842607;0.9954999999999998
9;0:00:16.924990;8205.304142392977;0.9948571428571427
10;0:00:16.537564;6408.767639905927;0.9942142857142855
11;0:00:21.025669;8002.442997441146;0.9935714285714283
12;0:00:16.776070;5350.431591162679;0.9929285714285712
13;0:00:18.975371;6301.377710366266;0.992285714285714
14;0:00:16.733586;6516.560603656811;0.9916428571428568
15;0:00:17.720774;5902.791600319884;0.9909999999999997
16;0:00:20.291159;7894.211416239291;0.9903571428571425
17;0:00:16.474467;5693.873578545751;0.9897142857142853
18;0:00:19.619156;6699.69177885443;0.9890714285714282
19;0:00:19.659659;7925.317953565048;0.988428571428571
20;0:00:19.547881;6486.673180540016;0.9877857142857138
21;0:00:20.831844;8442.24411406672;0.9871428571428567
22;0:00:17.523896;7020.25651528527;0.9864999999999995
23;0:00:18.414311;6693.510879287228;0.9858571428571423
24;0:00:18.508522;7712.427651578999;0.9852142857142852
25;0:00:18.386899;7703.785153294028;0.984571428571428
26;0:00:15.734372;5116.354293058615;0.9839285714285708
27;0:00:17.236651;6070.981814892673;0.9832857142857137
28;0:00:16.001818;6657.828220110647;0.9826428571428565
29;0:00:17.765216;7498.077462233753;0.9819999999999993
30;0:00:18.242534;7815.382801224527;0.9813571428571422
31;0:00:19.829521;7269.863284068998;0.980714285714285
32;0:00:20.375810;8107.121522763225;0.9800714285714278
33;0:00:20.164300;8709.351189744957;0.9794285714285706
34;0:00:19.731876;7685.962996079969;0.9787857142857135
35;0:00:16.667762;6770.730956797919;0.9781428571428563
36;0:00:19.513318;7597.278328533829;0.9774999999999991
37;0:00:18.868939;7845.315630090197;0.976857142857142
38;0:00:18.581640;7417.860092067839;0.9762142857142848
39;0:00:20.380014;8939.890951447791;0.9755714285714276
40;0:00:18.260141;8055.96515688615;0.9749285714285705
41;0:00:19.404780;7293.768018646392;0.9742857142857133
42;0:00:17.957290;6689.308726197464;0.9736428571428561
43;0:00:19.526341;6169.914538779419;0.972999999999999
44;0:00:19.735301;6736.702989843764;0.9723571428571418
45;0:00:17.772277;6607.841973759862;0.9717142857142846
46;0:00:17.641674;5031.802995819108;0.9710714285714275
47;0:00:20.082446;7612.761586520034;0.9704285714285703
48;0:00:22.046486;8945.832264937562;0.9697857142857131
49;0:00:24.765380;10900.289625533;0.969142857142856
50;0:00:18.063951;5284.900441797009;0.9684999999999988
51;0:00:17.895037;6720.5685949384015;0.9678571428571416
52;0:00:21.637612;7820.303260517317;0.9672142857142845
53;0:00:19.999681;6854.644227163233;0.9665714285714273
54;0:00:17.438932;6373.335566445914;0.9659285714285701
55;0:00:18.074314;7045.789358949906;0.965285714285713
56;0:00:19.656832;7032.258398843825;0.9646428571428558
57;0:00:17.667361;7109.300561871945;0.9639999999999986
58;0:00:19.400772;7278.1997146864;0.9633571428571415
59;0:00:18.097097;7306.225546903032;0.9627142857142843
60;0:00:17.922279;6446.183006905742;0.9620714285714271
61;0:00:18.133849;5990.715938701513;0.96142857142857
62;0:00:15.722518;5622.375827685648;0.9607857142857128
63;0:00:16.721231;6194.233690637382;0.9601428571428556
64;0:00:17.051527;5083.093509132945;0.9594999999999985
65;0:00:17.955585;7373.077046350703;0.9588571428571413
66;0:00:20.526827;7285.918793067732;0.9582142857142841
67;0:00:17.243145;6333.672983862441;0.957571428571427
68;0:00:20.207986;7916.741262988842;0.9569285714285698
69;0:00:18.949940;8656.27739581302;0.9562857142857126
70;0:00:20.841196;7723.316352427997;0.9556428571428555
71;0:00:18.052063;7273.8884332740345;0.9549999999999983
72;0:00:18.724695;7667.702055628442;0.9543571428571411
73;0:00:21.732057;8730.962615554125;0.953714285714284
74;0:00:21.710668;8165.353082620157;0.9530714285714268
75;0:00:19.959160;7394.760021771405;0.9524285714285696
76;0:00:16.678777;6912.961181062917;0.9517857142857125
77;0:00:17.454586;6593.1662376866825;0.9511428571428553
78;0:00:19.533004;8180.422049870031;0.9504999999999981
79;0:00:19.334058;7642.383743439584;0.949857142857141
80;0:00:20.149375;7186.30955063584;0.9492142857142838
81;0:00:16.090693;6830.210654155701;0.9485714285714266
82;0:00:16.701595;7736.526411011498;0.9479285714285695
83;0:00:18.415704;7615.394625084921;0.9472857142857123
84;0:00:16.243639;6950.124198371686;0.9466428571428551
85;0:00:15.201993;5831.511065582799;0.945999999999998
86;0:00:18.570289;8678.102937360318;0.9453571428571408
87;0:00:17.887605;7389.487581940507;0.9447142857142836
88;0:00:18.063570;6044.933180973724;0.9440714285714265
89;0:00:18.709447;8580.821827225458;0.9434285714285693
90;0:00:19.279283;8666.756636860819;0.9427857142857121
91;0:00:18.490047;7003.190162379959;0.942142857142855
92;0:00:21.161156;7042.774978737225;0.9414999999999978
93;0:00:21.763557;9495.262327998917;0.9408571428571406
94;0:00:19.882694;7532.130642992874;0.9402142857142834
95;0:00:17.913614;6865.391059497304;0.9395714285714263
96;0:00:19.428483;7156.879788817065;0.9389285714285691
97;0:00:19.630999;6575.848500108891;0.938285714285712
98;0:00:18.622136;8242.72906590571;0.9376428571428548
99;0:00:19.192928;6786.783502240282;0.9369999999999976
100;0:00:17.206833;4934.9156349897075;0.9363571428571404
101;0:00:17.263627;4996.348870941147;0.9357142857142833
102;0:00:18.631003;7632.824407341071;0.9350714285714261
103;0:00:19.829704;7869.820587606216;0.9344285714285689
104;0:00:17.202016;6667.143075684365;0.9337857142857118
105;0:00:16.937012;5177.552873067456;0.9331428571428546
106;0:00:19.028932;7784.986838149208;0.9324999999999974
107;0:00:17.658745;6910.701177751527;0.9318571428571403
108;0:00:18.661922;7390.917372879029;0.9312142857142831
109;0:00:17.792739;6682.806467332263;0.9305714285714259
110;0:00:17.774715;7508.267963197043;0.9299285714285688
111;0:00:16.412061;4883.59729435036;0.9292857142857116
112;0:00:15.944921;4825.142264451043;0.9286428571428544
113;0:00:18.797780;7226.806004310629;0.9279999999999973
114;0:00:18.309814;7101.458672359537;0.9273571428571401
115;0:00:18.556029;6962.586849927985;0.9267142857142829
116;0:00:17.538483;7214.875553936585;0.9260714285714258
117;0:00:18.732596;7219.02584502417;0.9254285714285686
118;0:00:19.242730;7119.767513995203;0.9247857142857114
119;0:00:17.657146;7568.349708204422;0.9241428571428543
120;0:00:20.380691;7102.48763479248;0.9234999999999971
121;0:00:16.767825;5516.8001523882385;0.9228571428571399
122;0:00:19.017960;7557.506418661547;0.9222142857142828
123;0:00:18.217939;6547.748816044214;0.9215714285714256
124;0:00:19.747818;8214.87927553591;0.9209285714285684
125;0:00:20.201180;7452.909849571057;0.9202857142857113
126;0:00:17.570274;6771.872120905746;0.9196428571428541
127;0:00:19.486632;8744.992697149068;0.9189999999999969
128;0:00:16.894009;6726.645442163047;0.9183571428571398
129;0:00:19.251863;7781.425590573033;0.9177142857142826
130;0:00:19.871551;8821.186155370544;0.9170714285714254
131;0:00:19.979101;6802.687095092314;0.9164285714285683
132;0:00:17.620499;7371.632807102134;0.9157857142857111
133;0:00:18.458025;6956.4757820787245;0.9151428571428539
134;0:00:18.165579;6221.334042287892;0.9144999999999968
135;0:00:17.195317;6654.557401333978;0.9138571428571396
136;0:00:19.288337;6580.194259198444;0.9132142857142824
137;0:00:17.807824;6420.52428894039;0.9125714285714253
138;0:00:16.546713;5052.498554012059;0.9119285714285681
139;0:00:18.144109;6141.010839074076;0.9112857142857109
140;0:00:20.150455;7171.747926877291;0.9106428571428538
141;0:00:16.623346;6826.854636955685;0.9099999999999966
142;0:00:20.158286;7776.196969936487;0.9093571428571394
143;0:00:23.616400;8182.998895366584;0.9087142857142823
144;0:00:21.080310;6777.275324232305;0.9080714285714251
145;0:00:18.571929;6153.897372731151;0.9074285714285679
146;0:00:17.745304;5487.555965095371;0.9067857142857108
147;0:00:18.407672;6601.046998789193;0.9061428571428536
148;0:00:18.864775;7122.589324918571;0.9054999999999964
149;0:00:17.177012;6099.443234823071;0.9048571428571393
150;0:00:20.185540;8418.658384434297;0.9042142857142821
151;0:00:18.318284;6842.955560102842;0.9035714285714249
152;0:00:15.495685;5549.480375884639;0.9029285714285677
153;0:00:18.617773;6389.648128507877;0.9022857142857106
154;0:00:20.025752;7965.64670652285;0.9016428571428534
155;0:00:20.304736;7714.802214639476;0.9009999999999962
156;0:00:20.080696;7421.049965865446;0.9003571428571391
157;0:00:18.851436;6205.92505733031;0.8997142857142819
158;0:00:17.452401;7451.315070280049;0.8990714285714247
159;0:00:17.339388;7239.797327795079;0.8984285714285676
160;0:00:20.852047;8732.022621598517;0.8977857142857104
161;0:00:18.232735;6970.561343916508;0.8971428571428532
162;0:00:19.778722;8506.835679923124;0.8964999999999961
163;0:00:17.920975;6517.116524839654;0.8958571428571389
164;0:00:18.644010;7561.00331580831;0.8952142857142817
165;0:00:18.022637;7201.68236648679;0.8945714285714246
166;0:00:17.982129;6209.129593909342;0.8939285714285674
167;0:00:19.719457;7727.182194640857;0.8932857142857102
168;0:00:18.844248;7341.911580832688;0.8926428571428531
169;0:00:21.847447;7641.871002503489;0.8919999999999959
170;0:00:16.225824;5479.163191274035;0.8913571428571387
171;0:00:17.647795;6431.098667711379;0.8907142857142816
172;0:00:16.707732;7205.191280327026;0.8900714285714244
173;0:00:18.064955;8428.295266223504;0.8894285714285672
174;0:00:17.361433;8527.382740729601;0.8887857142857101
175;0:00:18.514450;7731.695376870075;0.8881428571428529
176;0:00:17.513436;8352.943057941546;0.8874999999999957
177;0:00:17.775072;8863.591998919701;0.8868571428571386
178;0:00:16.331255;7236.434458238872;0.8862142857142814
179;0:00:19.377860;8507.96313806582;0.8855714285714242
180;0:00:15.248529;5859.276356920262;0.8849285714285671
181;0:00:17.658822;7025.962808099054;0.8842857142857099
182;0:00:17.711484;7455.904179863188;0.8836428571428527
183;0:00:18.135923;6923.534417582656;0.8829999999999956
184;0:00:17.142504;7140.22280465053;0.8823571428571384
185;0:00:18.547570;9007.431781554054;0.8817142857142812
186;0:00:16.824855;6974.825708862874;0.8810714285714241
187;0:00:16.782788;7321.550351245976;0.8804285714285669
188;0:00:17.658130;7416.136847450978;0.8797857142857097
189;0:00:17.070883;7158.841544921607;0.8791428571428526
190;0:00:17.113813;5747.3404061282245;0.8784999999999954
191;0:00:18.247285;8692.104086996454;0.8778571428571382
192;0:00:17.729972;7030.49710090157;0.8772142857142811
193;0:00:17.404403;6486.459509084741;0.8765714285714239
194;0:00:18.178468;7105.3509763363345;0.8759285714285667
195;0:00:18.370876;6323.735251738985;0.8752857142857096
196;0:00:49.365050;8952.164880395878;0.8746428571428524
197;0:00:36.079019;7194.783376327618;0.8739999999999952
198;0:00:23.310489;6875.370807141401;0.8733571428571381
199;0:00:22.644262;8996.386297319279;0.8727142857142809
200;0:00:23.018588;8201.021421108173;0.8720714285714237
201;0:00:21.584060;7851.950443837388;0.8714285714285666
202;0:00:22.245342;6848.358548085595;0.8707857142857094
203;0:00:21.448451;6664.305231905033;0.8701428571428522
204;0:00:19.964460;5456.592614842389;0.869499999999995
205;0:00:22.484427;7121.318875250708;0.8688571428571379
206;0:00:21.965049;6585.631682383852;0.8682142857142807
207;0:00:20.710141;7053.119778741447;0.8675714285714236
208;0:00:22.796391;7226.555387394645;0.8669285714285664
209;0:00:22.226084;6416.941651500822;0.8662857142857092
210;0:00:22.008990;7059.403863019778;0.865642857142852
211;0:00:23.004691;7300.439174020058;0.8649999999999949
212;0:00:16.619507;8719.175025107646;0.8643571428571377
213;0:00:17.208195;6701.303671862942;0.8637142857142805
214;0:00:18.093477;5714.894912997936;0.8630714285714234
215;0:00:17.484515;7408.056723174167;0.8624285714285662
216;0:00:14.904132;6129.061808708412;0.861785714285709
217;0:00:16.702007;6407.526939307758;0.8611428571428519
218;0:00:20.115623;8117.78383960769;0.8604999999999947
219;0:00:15.936100;8361.819746302124;0.8598571428571375
220;0:00:16.112053;7154.196344954956;0.8592142857142804
221;0:00:16.936650;7765.838286772878;0.8585714285714232
222;0:00:16.771722;6598.701889693171;0.857928571428566
223;0:00:15.632073;9112.683763835961;0.8572857142857089
224;0:00:14.994182;7482.040112531216;0.8566428571428517
225;0:00:18.719166;6210.849031011977;0.8559999999999945
226;0:00:22.296710;7197.9459179972355;0.8553571428571374
227;0:00:16.221993;8489.694132392198;0.8547142857142802
228;0:00:18.718605;8207.466734726804;0.854071428571423
229;0:00:19.379100;10109.927532330477;0.8534285714285659
230;0:00:15.701976;6608.216013331414;0.8527857142857087
231;0:00:15.655064;6848.861538760817;0.8521428571428515
232;0:00:20.061187;7919.587970312819;0.8514999999999944
233;0:00:15.166079;6523.572265851795;0.8508571428571372
234;0:00:15.054699;7078.491269780778;0.85021428571428
235;0:00:16.871702;7227.753122099225;0.8495714285714229
236;0:00:18.214330;8887.81481381511;0.8489285714285657
237;0:00:15.262246;7852.037449007114;0.8482857142857085
238;0:00:14.555630;7540.052531259215;0.8476428571428514
239;0:00:17.503140;6170.754226816051;0.8469999999999942
240;0:00:15.355884;7509.417601663412;0.846357142857137
241;0:00:15.455881;6899.231152437955;0.8457142857142799
242;0:00:15.871507;7942.772679583542;0.8450714285714227
243;0:00:19.832841;7640.530295138964;0.8444285714285655
244;0:00:14.735447;6626.190566568637;0.8437857142857084
245;0:00:16.255414;9299.011137451613;0.8431428571428512
246;0:00:19.362032;10362.894943210176;0.842499999999994
247;0:00:17.398654;7364.1036825764495;0.8418571428571369
248;0:00:19.167581;7622.871765381964;0.8412142857142797
249;0:00:16.421359;7740.767849810885;0.8405714285714225
250;0:00:19.003605;8006.140307262699;0.8399285714285654
251;0:00:15.376239;6415.20729814528;0.8392857142857082
252;0:00:18.767210;8739.445833399102;0.838642857142851
253;0:00:17.986551;6515.614607645247;0.8379999999999939
254;0:00:16.895582;8348.487207328259;0.8373571428571367
255;0:00:16.069052;7584.184137253263;0.8367142857142795
256;0:00:15.619663;7442.82196789132;0.8360714285714224
257;0:00:22.287114;8412.788931101833;0.8354285714285652
258;0:00:15.951654;8351.51883792089;0.834785714285708
259;0:00:15.061109;6941.044288749024;0.8341428571428509
260;0:00:21.472688;7626.279030939511;0.8334999999999937
261;0:00:16.093374;9225.454754268687;0.8328571428571365
262;0:00:15.031381;7668.640086107438;0.8322142857142794
263;0:00:15.399417;6392.299427412588;0.8315714285714222
264;0:00:18.234796;7558.097171775077;0.830928571428565
265;0:00:15.719687;8200.91454065983;0.8302857142857079
266;0:00:15.557827;7784.180104592163;0.8296428571428507
267;0:00:19.642586;7798.575659162433;0.8289999999999935
268;0:00:19.747142;10449.26043712356;0.8283571428571364
269;0:00:16.368897;8607.228668067419;0.8277142857142792
270;0:00:16.804277;7483.266855497933;0.827071428571422
271;0:00:17.040023;7774.875793466464;0.8264285714285649
272;0:00:14.977293;7573.240064161008;0.8257857142857077
273;0:00:16.001844;8838.31340898665;0.8251428571428505
274;0:00:22.729943;8438.743118391827;0.8244999999999933
275;0:00:17.639333;6774.560112924992;0.8238571428571362
276;0:00:14.564804;7711.336955496875;0.823214285714279
277;0:00:17.509537;7567.103207118742;0.8225714285714218
278;0:00:17.633415;7964.0884575115915;0.8219285714285647
279;0:00:14.423709;5421.3013714395065;0.8212857142857075
280;0:00:15.161447;8164.59163514683;0.8206428571428503
281;0:00:16.643732;5035.350691864649;0.8199999999999932
282;0:00:14.239236;6179.103817709745;0.819357142857136
283;0:00:18.005645;7720.999838158932;0.8187142857142788
284;0:00:16.271365;6296.285993589316;0.8180714285714217
285;0:00:20.386085;7925.7116454562265;0.8174285714285645
286;0:00:14.776439;5875.0730183868245;0.8167857142857073
287;0:00:14.241069;5299.107827632277;0.8161428571428502
288;0:00:16.755025;6919.33581954176;0.815499999999993
289;0:00:17.449484;6393.977755199708;0.8148571428571358
290;0:00:15.531091;7976.0803664391415;0.8142142857142787
291;0:00:15.438977;7195.957722359436;0.8135714285714215
292;0:00:21.970543;9302.724821463376;0.8129285714285643
293;0:00:14.508853;7675.079285507501;0.8122857142857072
294;0:00:14.290391;6952.427866975574;0.81164285714285
295;0:00:16.026938;8572.464146133863;0.8109999999999928
296;0:00:18.134830;6323.117593312449;0.8103571428571357
297;0:00:15.262299;8768.680454250236;0.8097142857142785
298;0:00:14.621689;7986.189692144717;0.8090714285714213
299;0:00:15.614801;7516.4848541573965;0.8084285714285642
300;0:00:18.230322;8016.1969786937925;0.807785714285707
301;0:00:15.687311;9058.302563023448;0.8071428571428498
302;0:00:15.681137;8217.200261644648;0.8064999999999927
303;0:00:19.251945;8408.70698674881;0.8058571428571355
304;0:00:14.238173;6711.628121457549;0.8052142857142783
305;0:00:16.105365;8755.404306990078;0.8045714285714212
306;0:00:14.181935;6752.813884054721;0.803928571428564
307;0:00:19.735212;8593.731278042504;0.8032857142857068
308;0:00:16.051105;7981.115844031436;0.8026428571428497
309;0:00:12.779149;5645.685388459392;0.8019999999999925
310;0:00:13.913102;5642.909138533113;0.8013571428571353
311;0:00:19.399922;8224.896257636807;0.8007142857142782
312;0:00:14.413594;7818.607805599339;0.800071428571421
313;0:00:14.437944;7693.047069302026;0.7994285714285638
314;0:00:16.758278;8087.736949747577;0.7987857142857067
315;0:00:17.856694;7872.999657169577;0.7981428571428495
316;0:00:14.866213;8490.060841211927;0.7974999999999923
317;0:00:15.197896;9110.441643287997;0.7968571428571352
318;0:00:19.116996;8412.616715293305;0.796214285714278
319;0:00:22.018355;8308.153708159125;0.7955714285714208
320;0:00:18.372479;6622.680106644363;0.7949285714285637
321;0:00:13.204464;7875.446838854422;0.7942857142857065
322;0:00:14.575096;8855.509725966955;0.7936428571428493
323;0:00:17.275601;9010.50546893545;0.7929999999999922
324;0:00:13.152627;6107.941669837197;0.792357142857135
325;0:00:20.257941;9896.99537589873;0.7917142857142778
326;0:00:19.614420;6825.405624005063;0.7910714285714207
327;0:00:16.207116;7172.03274074888;0.7904285714285635
328;0:00:18.389668;7011.658618154605;0.7897857142857063
329;0:00:18.748701;6727.186024392219;0.7891428571428492
330;0:00:18.245249;6480.655099266359;0.788499999999992
331;0:00:19.910819;8350.346680896635;0.7878571428571348
332;0:00:15.268505;9214.39187606445;0.7872142857142777
333;0:00:20.322761;6380.949334397496;0.7865714285714205
334;0:00:14.278748;7465.706134635666;0.7859285714285633
335;0:00:20.899190;9185.224842500196;0.7852857142857061
336;0:00:15.552544;10065.207782567404;0.784642857142849
337;0:00:17.416555;7064.094133597014;0.7839999999999918
338;0:00:13.747645;8165.393369221809;0.7833571428571346
339;0:00:19.612564;8021.951251987817;0.7827142857142775
340;0:00:18.104633;7765.737351759793;0.7820714285714203
341;0:00:15.456346;5229.259402426723;0.7814285714285631
342;0:00:16.905270;8213.764242860476;0.780785714285706
343;0:00:16.523886;8173.481309047362;0.7801428571428488
344;0:00:17.603794;5811.707900916409;0.7794999999999916
345;0:00:15.909534;8686.582349157106;0.7788571428571345
346;0:00:21.989997;8978.553370736528;0.7782142857142773
347;0:00:15.964372;7302.776647678117;0.7775714285714201
348;0:00:20.631591;10499.364540638524;0.776928571428563
349;0:00:17.623861;8850.655006674968;0.7762857142857058
350;0:00:18.243921;8474.554763508726;0.7756428571428486
351;0:00:23.540785;9279.242422991603;0.7749999999999915
352;0:00:15.194006;6803.764715953394;0.7743571428571343
353;0:00:21.130614;7315.5981393373595;0.7737142857142771
354;0:00:16.053935;6306.043666665096;0.77307142857142
355;0:00:17.569886;7766.684459208642;0.7724285714285628
356;0:00:18.524364;6552.044408796954;0.7717857142857056
357;0:00:17.684158;7747.403357985484;0.7711428571428485
358;0:00:24.049661;9026.517958996603;0.7704999999999913
359;0:00:15.333596;6471.657517765368;0.7698571428571341
360;0:00:19.458236;6658.539198038058;0.769214285714277
361;0:00:16.335007;6084.017082776154;0.7685714285714198
362;0:00:20.150261;6863.692436989279;0.7679285714285626
363;0:00:18.392849;8138.762860731581;0.7672857142857055
364;0:00:16.699907;7797.858508526923;0.7666428571428483
365;0:00:21.402130;6885.560608503825;0.7659999999999911
366;0:00:14.439075;5099.881433709249;0.765357142857134
367;0:00:22.251264;8257.980183525218;0.7647142857142768
368;0:00:14.945638;5769.424660142636;0.7640714285714196
369;0:00:20.652945;7026.620355066426;0.7634285714285625
370;0:00:19.684489;6989.481740231188;0.7627857142857053
371;0:00:15.916428;5703.277184362717;0.7621428571428481
372;0:00:22.560059;8676.13643888403;0.761499999999991
373;0:00:15.259764;6551.997344080868;0.7608571428571338
374;0:00:21.871299;9803.744132354606;0.7602142857142766
375;0:00:14.353003;6427.297028154179;0.7595714285714195
376;0:00:19.309462;8788.328074265275;0.7589285714285623
377;0:00:15.246544;8114.270766041078;0.7582857142857051
378;0:00:17.954662;6675.634649841078;0.757642857142848
379;0:00:17.499297;6986.961121246087;0.7569999999999908
380;0:00:13.658077;7488.182211764897;0.7563571428571336
381;0:00:16.144668;7575.78691589877;0.7557142857142765
382;0:00:16.460920;7456.165524078306;0.7550714285714193
383;0:00:13.368349;5510.119409965122;0.7544285714285621
384;0:00:15.580896;8565.939679293762;0.753785714285705
385;0:00:15.134712;9151.734212108666;0.7531428571428478
386;0:00:13.787730;7352.601235514959;0.7524999999999906
387;0:00:15.061459;8131.898006658647;0.7518571428571335
388;0:00:14.335279;8452.860124620935;0.7512142857142763
389;0:00:15.065124;7263.270646027963;0.7505714285714191
390;0:00:14.957528;10492.569592838345;0.749928571428562
391;0:00:15.343669;8893.32721567359;0.7492857142857048
392;0:00:13.404087;8775.139374157985;0.7486428571428476
393;0:00:15.242683;7962.7394277013545;0.7479999999999905
394;0:00:14.570405;9880.651507396808;0.7473571428571333
395;0:00:14.631988;7485.2730180306635;0.7467142857142761
396;0:00:13.280934;6981.269202641514;0.746071428571419
397;0:00:15.096532;7014.663150714532;0.7454285714285618
398;0:00:14.009621;6803.408126127976;0.7447857142857046
399;0:00:19.349287;9465.536181442407;0.7441428571428474
400;0:00:13.606647;7306.778459111912;0.7434999999999903
401;0:00:16.139187;8057.584971116725;0.7428571428571331
402;0:00:15.943211;11197.504790597099;0.742214285714276
403;0:00:14.514928;10147.459697975644;0.7415714285714188
404;0:00:14.008962;7620.620524876225;0.7409285714285616
405;0:00:13.631948;6005.8793757725325;0.7402857142857044
406;0:00:15.653947;6948.38432637794;0.7396428571428473
407;0:00:15.662091;7445.654312354745;0.7389999999999901
408;0:00:14.986616;6327.454885075981;0.7383571428571329
409;0:00:14.488164;4028.4535252292953;0.7377142857142758
410;0:00:15.780441;7298.512093861395;0.7370714285714186
411;0:00:14.162245;6473.96326268841;0.7364285714285614
412;0:00:15.790966;6954.568420641131;0.7357857142857043
413;0:00:15.779942;6392.845625415483;0.7351428571428471
414;0:00:15.137457;7090.305093270171;0.7344999999999899
415;0:00:14.622531;5201.32029263316;0.7338571428571328
416;0:00:16.988252;7037.167077272599;0.7332142857142756
417;0:00:22.008527;6716.257837833812;0.7325714285714184
418;0:00:15.673691;7617.102714635103;0.7319285714285613
419;0:00:21.253066;6060.354894054753;0.7312857142857041
420;0:00:16.319805;6517.347741761046;0.7306428571428469
421;0:00:19.214301;8520.196584610527;0.7299999999999898
422;0:00:15.152012;8462.038199557112;0.7293571428571326
423;0:00:18.569567;6643.655226294623;0.7287142857142754
424;0:00:17.034295;9506.758912595893;0.7280714285714183
425;0:00:19.406620;12907.486642004238;0.7274285714285611
426;0:00:20.616358;11046.137979677153;0.7267857142857039
427;0:00:16.992783;8124.81824570854;0.7261428571428468
428;0:00:21.389094;9803.206957733517;0.7254999999999896
429;0:00:15.282977;7792.957079709871;0.7248571428571324
430;0:00:19.949805;6501.902308227284;0.7242142857142753
431;0:00:17.298402;6687.588553872308;0.7235714285714181
432;0:00:19.459410;8235.487043686733;0.7229285714285609
433;0:00:20.313754;5958.032824747433;0.7222857142857038
434;0:00:15.937956;6796.806068226952;0.7216428571428466
435;0:00:18.374772;7375.416149514172;0.7209999999999894
436;0:00:14.701769;6741.108066153972;0.7203571428571323
437;0:00:20.380562;10396.449430724622;0.7197142857142751
438;0:00:13.993431;7582.844981543261;0.7190714285714179
439;0:00:20.725390;7747.997154454557;0.7184285714285608
440;0:00:17.150459;7293.611425390877;0.7177857142857036
441;0:00:17.915641;6878.102993808046;0.7171428571428464
442;0:00:19.399040;7346.371496548719;0.7164999999999893
443;0:00:16.432848;9442.722243209037;0.7158571428571321
444;0:00:18.610362;7735.714797455873;0.7152142857142749
445;0:00:15.909805;9238.826803563512;0.7145714285714178
446;0:00:19.960073;8304.952534399283;0.7139285714285606
447;0:00:15.166983;7116.394164623329;0.7132857142857034
448;0:00:18.081898;8070.406743640352;0.7126428571428463
449;0:00:18.874737;7317.525913647201;0.7119999999999891
450;0:00:18.204660;8232.766495095135;0.7113571428571319
451;0:00:21.205993;5529.280640034594;0.7107142857142748
452;0:00:14.726367;6832.385063180107;0.7100714285714176
453;0:00:20.069675;6351.674933811049;0.7094285714285604
454;0:00:17.873974;7394.613300478052;0.7087857142857032
455;0:00:16.374951;6761.489943812298;0.7081428571428461
456;0:00:19.527733;8315.618511699255;0.7074999999999889
457;0:00:17.335913;7404.771448723624;0.7068571428571317
458;0:00:21.824699;9177.679840749064;0.7062142857142746
459;0:00:18.646413;7658.5944990037515;0.7055714285714174
460;0:00:16.603385;7525.727107213776;0.7049285714285602
461;0:00:19.605340;7618.578308764981;0.7042857142857031
462;0:00:14.770099;7511.970307508482;0.7036428571428459
463;0:00:18.185978;6106.517243870916;0.7029999999999887
464;0:00:15.817942;8180.75779223693;0.7023571428571316
465;0:00:20.122825;8662.278120815134;0.7017142857142744
466;0:00:14.349545;7721.161699954629;0.7010714285714172
467;0:00:18.411136;5616.712374507739;0.7004285714285601
468;0:00:20.267148;8699.960994166731;0.6997857142857029
469;0:00:14.979570;7664.0489935086;0.6991428571428457
470;0:00:20.531599;9599.375901609003;0.6984999999999886
471;0:00:15.177129;7225.416748091191;0.6978571428571314
472;0:00:20.620381;8431.170049102668;0.6972142857142742
473;0:00:16.558650;7817.274968989988;0.6965714285714171
474;0:00:19.433238;5893.947746931737;0.6959285714285599
475;0:00:16.147266;7204.738706038761;0.6952857142857027
476;0:00:20.312514;6526.880990287576;0.6946428571428456
477;0:00:18.451756;7520.593909735628;0.6939999999999884
478;0:00:21.675898;7655.115172285097;0.6933571428571312
479;0:00:14.118770;6420.215478782748;0.6927142857142741
480;0:00:15.004298;6955.774414502861;0.6920714285714169
481;0:00:15.843277;7924.2719901415485;0.6914285714285597
482;0:00:14.727436;7304.78608574526;0.6907857142857026
483;0:00:14.790549;7556.126257052782;0.6901428571428454
484;0:00:14.209889;6139.843153582267;0.6894999999999882
485;0:00:15.130148;7014.123466665795;0.6888571428571311
486;0:00:15.618552;6433.095763012976;0.6882142857142739
487;0:00:15.237674;6964.738825810252;0.6875714285714167
488;0:00:14.813379;6344.059763770749;0.6869285714285596
489;0:00:15.413514;5975.041232047957;0.6862857142857024
490;0:00:14.636072;7879.509322926866;0.6856428571428452
491;0:00:15.863249;6263.3032594328515;0.6849999999999881
492;0:00:13.826033;4737.798522888747;0.6843571428571309
493;0:00:15.693074;7635.524901571356;0.6837142857142737
494;0:00:16.129243;7443.40467604862;0.6830714285714166
495;0:00:15.201444;6286.835390259031;0.6824285714285594
496;0:00:14.943256;7251.26964600943;0.6817857142857022
497;0:00:15.502620;8253.882589604471;0.6811428571428451
498;0:00:15.117092;6002.873895101324;0.6804999999999879
499;0:00:17.349631;8214.81310011435;0.6798571428571307
500;0:00:16.331202;7458.930851735397;0.6792142857142736
501;0:00:15.491614;12062.631751626002;0.6785714285714164
502;0:00:14.193595;6977.850305691907;0.6779285714285592
503;0:00:15.724367;7364.743965204189;0.6772857142857021
504;0:00:16.517409;6657.6937562142975;0.6766428571428449
505;0:00:21.573370;7939.559325832184;0.6759999999999877
506;0:00:14.781099;11606.865537907855;0.6753571428571306
507;0:00:15.115849;8813.939721895515;0.6747142857142734
508;0:00:15.601656;7090.132297028311;0.6740714285714162
509;0:00:14.731512;6357.9372517414695;0.673428571428559
510;0:00:15.040337;9752.819621677694;0.6727857142857019
511;0:00:17.144399;9224.15460257563;0.6721428571428447
512;0:00:14.733590;7382.7123280609885;0.6714999999999876
513;0:00:14.659499;8381.28098403311;0.6708571428571304
514;0:00:15.736955;7593.171349849283;0.6702142857142732
515;0:00:15.432308;9470.130582304871;0.669571428571416
516;0:00:14.788415;7445.801367876047;0.6689285714285589
517;0:00:15.535768;7927.36801053714;0.6682857142857017
518;0:00:14.776276;6845.993857564;0.6676428571428445
519;0:00:14.474675;7524.51717433359;0.6669999999999874
520;0:00:15.105774;7625.434620621097;0.6663571428571302
521;0:00:14.703289;5284.62323283966;0.665714285714273
522;0:00:15.358010;7755.458672641952;0.6650714285714159
523;0:00:15.861250;6910.683207861044;0.6644285714285587
524;0:00:16.360597;6753.025478140065;0.6637857142857015
525;0:00:17.089869;7389.634036761803;0.6631428571428444
526;0:00:15.428598;7262.808971910793;0.6624999999999872
527;0:00:17.412081;7982.209801332349;0.66185714285713
528;0:00:16.638743;8598.472304795478;0.6612142857142729
529;0:00:14.679163;7336.964916019004;0.6605714285714157
530;0:00:13.619699;6965.5808611121265;0.6599285714285585
531;0:00:18.585761;7066.3759470055165;0.6592857142857014
532;0:00:20.136963;7756.69957861974;0.6586428571428442
533;0:00:17.939602;6966.822892048757;0.657999999999987
534;0:00:16.731116;6754.696364169076;0.6573571428571299
535;0:00:18.659511;6178.128158691357;0.6567142857142727
536;0:00:14.435490;7229.137070366609;0.6560714285714155
537;0:00:20.115021;6866.504642767951;0.6554285714285584
538;0:00:15.038070;6542.619219214319;0.6547857142857012
539;0:00:20.611064;6502.54977312447;0.654142857142844
540;0:00:16.383139;5961.575861095546;0.6534999999999869
541;0:00:17.378664;6020.307081526561;0.6528571428571297
542;0:00:18.149596;8125.118318257388;0.6522142857142725
543;0:00:16.010965;8269.28720260137;0.6515714285714154
544;0:00:20.527005;6326.796439987487;0.6509285714285582
545;0:00:15.654353;6276.839228120999;0.650285714285701
546;0:00:19.293280;5916.877336687648;0.6496428571428439
547;0:00:16.187844;6208.284487652329;0.6489999999999867
548;0:00:19.900099;8034.26498119319;0.6483571428571295
549;0:00:18.894133;7639.297514310599;0.6477142857142724
550;0:00:17.369611;6218.697176801073;0.6470714285714152
551;0:00:22.127451;7484.284553401831;0.646428571428558
552;0:00:17.915387;9234.112307938074;0.6457857142857009
553;0:00:15.755534;7456.3551504349725;0.6451428571428437
554;0:00:17.482488;5974.209971008637;0.6444999999999865
555;0:00:16.205536;7012.7262049020255;0.6438571428571294
556;0:00:19.010206;5567.943260065283;0.6432142857142722
557;0:00:17.203708;7042.221869907145;0.642571428571415
558;0:00:18.471534;6597.895824161691;0.6419285714285579
559;0:00:15.597405;8885.222460185605;0.6412857142857007
560;0:00:18.326561;8419.972925636808;0.6406428571428435
561;0:00:17.399825;6346.328808925439;0.6399999999999864
562;0:00:16.197304;7553.894485070396;0.6393571428571292
563;0:00:20.634821;7741.782097903193;0.638714285714272
564;0:00:17.794690;9004.949054776262;0.6380714285714149
565;0:00:21.170347;7991.327696501792;0.6374285714285577
566;0:00:16.163224;7781.658168882521;0.6367857142857005
567;0:00:18.562761;7766.401989628796;0.6361428571428434
568;0:00:17.164067;8853.90042267627;0.6354999999999862
569;0:00:15.532861;8687.558327073428;0.634857142857129
570;0:00:20.365950;8738.009582759052;0.6342142857142719
571;0:00:13.674707;7676.847202945869;0.6335714285714147
572;0:00:20.355384;10916.454469568938;0.6329285714285575
573;0:00:15.408474;7696.027747565438;0.6322857142857004
574;0:00:21.100499;6323.703648469502;0.6316428571428432
575;0:00:16.427844;8145.222941461328;0.630999999999986
576;0:00:17.863068;6532.330568916289;0.6303571428571288
577;0:00:16.006072;7027.823908090095;0.6297142857142717
578;0:00:17.578390;7962.513076678609;0.6290714285714145
579;0:00:18.742896;7528.7043726734755;0.6284285714285573
580;0:00:16.586477;8326.81132162703;0.6277857142857002
581;0:00:22.781916;10576.667121417408;0.627142857142843
582;0:00:16.669386;7243.217307928133;0.6264999999999858
583;0:00:17.154998;6412.439979225969;0.6258571428571287
584;0:00:18.106379;8015.759515960541;0.6252142857142715
585;0:00:17.525156;7182.848321424418;0.6245714285714143
586;0:00:18.388397;6492.899659482804;0.6239285714285572
587;0:00:13.916933;7857.076291682935;0.6232857142857
588;0:00:16.971172;7985.67172543303;0.6226428571428428
589;0:00:13.609255;9647.35900714225;0.6219999999999857
590;0:00:15.087121;8548.817684799002;0.6213571428571285
591;0:00:15.319899;13851.445767614428;0.6207142857142713
592;0:00:15.913100;8816.620284364364;0.6200714285714142
593;0:00:15.826376;8083.415466051252;0.619428571428557
594;0:00:16.923890;9417.807135665707;0.6187857142856998
595;0:00:13.518398;7894.859740691024;0.6181428571428427
596;0:00:15.131047;8577.24830248889;0.6174999999999855
597;0:00:15.824410;9595.992793355439;0.6168571428571283
598;0:00:17.562527;10247.318784598217;0.6162142857142712
599;0:00:13.974178;9323.945991922676;0.615571428571414
600;0:00:17.153197;9684.112445417495;0.6149285714285568
601;0:00:15.093135;8213.711962141126;0.6142857142856997
602;0:00:17.396571;7945.662460500225;0.6136428571428425
603;0:00:16.633891;8472.622920290893;0.6129999999999853
604;0:00:22.158839;9581.234591872199;0.6123571428571282
605;0:00:16.323959;12832.052818854672;0.611714285714271
606;0:00:17.523869;7139.926510143245;0.6110714285714138
607;0:00:19.523496;7696.698415982988;0.6104285714285567
608;0:00:15.229867;8689.32933227981;0.6097857142856995
609;0:00:18.253789;9337.719565268271;0.6091428571428423
610;0:00:11.686631;7906.241703964387;0.6084999999999852
611;0:00:18.173929;9609.144152628744;0.607857142857128
612;0:00:12.675264;8947.2861996221;0.6072142857142708
613;0:00:17.726680;10155.491951753063;0.6065714285714137
614;0:00:13.300691;7273.026693046277;0.6059285714285565
615;0:00:15.947635;9032.828392128957;0.6052857142856993
616;0:00:15.815821;12587.988189141077;0.6046428571428422
617;0:00:19.320646;6448.280933870338;0.603999999999985
618;0:00:13.969658;11439.065885250133;0.6033571428571278
619;0:00:17.640379;7602.683245740311;0.6027142857142707
620;0:00:12.480613;9622.037562651441;0.6020714285714135
621;0:00:16.540313;8527.378959561021;0.6014285714285563
622;0:00:12.535115;6667.395675406731;0.6007857142856992
623;0:00:15.796855;10138.239478794536;0.600142857142842
624;0:00:14.802588;9925.105014196546;0.5994999999999848
625;0:00:16.041007;6474.953978295298;0.5988571428571277
626;0:00:15.787892;9463.612173015805;0.5982142857142705
627;0:00:14.643128;7911.691336231608;0.5975714285714133
628;0:00:15.984866;6576.833549292409;0.5969285714285562
629;0:00:14.843572;12259.7556847372;0.596285714285699
630;0:00:17.215558;7508.65608763039;0.5956428571428418
631;0:00:16.402426;7969.309935049395;0.5949999999999847
632;0:00:13.885969;8818.200782689946;0.5943571428571275
633;0:00:13.181150;8351.975801927612;0.5937142857142703
634;0:00:14.588679;10011.196358249066;0.5930714285714132
635;0:00:14.367639;7924.782344533656;0.592428571428556
636;0:00:11.464864;9316.661642755736;0.5917857142856988
637;0:00:11.851078;9768.857502607842;0.5911428571428416
638;0:00:13.240209;7511.192001592472;0.5904999999999845
639;0:00:13.998433;7266.579540516814;0.5898571428571273
640;0:00:14.612667;8280.558664595159;0.5892142857142701
641;0:00:14.344931;7250.977737845232;0.588571428571413
642;0:00:15.168428;8109.854768593658;0.5879285714285558
643;0:00:13.277822;7560.363416046049;0.5872857142856986
644;0:00:11.600012;8545.2132520875;0.5866428571428415
645;0:00:12.347967;11064.525877699973;0.5859999999999843
646;0:00:14.980623;9236.096001913707;0.5853571428571271
647;0:00:15.777107;9162.54422229007;0.58471428571427
648;0:00:14.499932;6421.638118682333;0.5840714285714128
649;0:00:13.977363;8766.313907276695;0.5834285714285556
650;0:00:14.416329;7615.22588169938;0.5827857142856985
651;0:00:14.155597;7067.793031045016;0.5821428571428413
652;0:00:15.954837;9007.838469067681;0.5814999999999841
653;0:00:15.714494;8125.492801837553;0.580857142857127
654;0:00:15.802336;7911.722500685398;0.5802142857142698
655;0:00:14.516164;6791.91649708086;0.5795714285714126
656;0:00:15.039298;6985.366390710724;0.5789285714285555
657;0:00:15.148480;7267.556656351751;0.5782857142856983
658;0:00:15.936007;7893.1495964489795;0.5776428571428411
659;0:00:13.913184;6612.06117645978;0.576999999999984
660;0:00:12.805314;5401.806378847297;0.5763571428571268
661;0:00:16.312657;10258.07399291332;0.5757142857142696
662;0:00:14.694897;9823.93866170531;0.5750714285714125
663;0:00:14.637059;8219.652396944919;0.5744285714285553
664;0:00:13.562611;5888.3318747403455;0.5737857142856981
665;0:00:14.640628;6959.178013172648;0.573142857142841
666;0:00:14.983531;7791.553706235616;0.5724999999999838
667;0:00:14.813412;10873.444705182663;0.5718571428571266
668;0:00:15.532555;9382.761116148537;0.5712142857142695
669;0:00:15.878750;7855.562342031814;0.5705714285714123
670;0:00:14.979780;7578.150157011778;0.5699285714285551
671;0:00:14.067423;5520.9375782963625;0.569285714285698
672;0:00:15.235175;7282.911309829457;0.5686428571428408
673;0:00:15.199667;7614.973265924342;0.5679999999999836
674;0:00:15.040838;7464.8246006002;0.5673571428571265
675;0:00:15.790714;6745.303376277368;0.5667142857142693
676;0:00:15.486483;7731.7375813171675;0.5660714285714121
677;0:00:15.582048;6300.455628485659;0.565428571428555
678;0:00:14.825145;7221.676579494998;0.5647857142856978
679;0:00:13.980706;5054.33644785614;0.5641428571428406
680;0:00:19.874231;5665.735211551275;0.5634999999999835
681;0:00:14.575776;7193.504501560961;0.5628571428571263
682;0:00:16.061819;8181.896533109316;0.5622142857142691
683;0:00:14.106888;6045.260796966813;0.561571428571412
684;0:00:18.341297;5369.968178561367;0.5609285714285548
685;0:00:15.513679;8410.646098159756;0.5602857142856976
686;0:00:14.066717;7412.72057077507;0.5596428571428405
687;0:00:14.229643;8543.969605906881;0.5589999999999833
688;0:00:12.974161;9537.16748708688;0.5583571428571261
689;0:00:13.484537;9454.34070422379;0.557714285714269
690;0:00:14.704765;8263.288579798264;0.5570714285714118
691;0:00:13.023163;7377.223894421566;0.5564285714285546
692;0:00:13.389680;9237.506972275462;0.5557857142856975
693;0:00:11.483161;7934.219577379203;0.5551428571428403
694;0:00:12.542416;9274.875601101803;0.5544999999999831
695;0:00:13.465632;11484.623505654468;0.553857142857126
696;0:00:12.654661;8326.45305729675;0.5532142857142688
697;0:00:12.210394;10846.297966921553;0.5525714285714116
698;0:00:12.717101;9487.575561541315;0.5519285714285544
699;0:00:12.294162;11449.04894531259;0.5512857142856973
700;0:00:13.964730;10533.434962662019;0.5506428571428401
701;0:00:13.652776;9062.397471057777;0.549999999999983
702;0:00:11.868089;11658.031129300796;0.5493571428571258
703;0:00:11.035704;9249.392578835746;0.5487142857142686
704;0:00:14.544380;9359.050753153682;0.5480714285714114
705;0:00:10.739354;7819.166117504946;0.5474285714285543
706;0:00:15.075662;10224.543407917081;0.5467857142856971
707;0:00:16.856909;7167.737492717002;0.5461428571428399
708;0:00:13.943030;14068.328744261627;0.5454999999999828
709;0:00:11.073839;9092.888462115156;0.5448571428571256
710;0:00:11.993205;10777.994580899282;0.5442142857142684
711;0:00:14.147686;7824.716969047716;0.5435714285714113
712;0:00:14.426903;7986.078424112035;0.5429285714285541
713;0:00:13.921142;9131.349606786622;0.5422857142856969
714;0:00:14.345745;8808.151584144005;0.5416428571428398
715;0:00:16.719847;12079.049908298452;0.5409999999999826
716;0:00:14.504702;6177.694518269694;0.5403571428571254
717;0:00:14.454276;7295.215718579399;0.5397142857142683
718;0:00:13.995006;8378.101310303871;0.5390714285714111
719;0:00:12.423305;13458.74868556886;0.5384285714285539
720;0:00:13.301247;8585.341284750079;0.5377857142856968
721;0:00:11.536743;10874.260544725861;0.5371428571428396
722;0:00:13.054501;10171.274262152134;0.5364999999999824
723;0:00:12.849896;9488.985470446834;0.5358571428571253
724;0:00:13.838261;8841.838994683663;0.5352142857142681
725;0:00:12.971292;7943.048088677657;0.5345714285714109
726;0:00:13.139786;6736.782977019494;0.5339285714285538
727;0:00:14.911211;6969.067135990499;0.5332857142856966
728;0:00:15.039556;8303.73707119613;0.5326428571428394
729;0:00:13.763358;7422.802167735769;0.5319999999999823
730;0:00:14.954810;9164.622835823393;0.5313571428571251
731;0:00:14.175056;6621.330228383455;0.5307142857142679
732;0:00:12.470517;11145.653531114096;0.5300714285714108
733;0:00:13.008938;12235.073247851864;0.5294285714285536
734;0:00:13.077487;11509.394165317839;0.5287857142856964
735;0:00:13.803164;11167.452460296368;0.5281428571428393
736;0:00:14.762881;13989.155964814423;0.5274999999999821
737;0:00:14.984111;8590.51663232037;0.5268571428571249
738;0:00:14.896783;9533.89351175516;0.5262142857142678
739;0:00:14.817359;8416.906748962701;0.5255714285714106
740;0:00:14.153482;10259.744582597827;0.5249285714285534
741;0:00:13.977210;10174.364223762033;0.5242857142856963
742;0:00:13.171777;9556.923090957403;0.5236428571428391
743;0:00:14.929653;9553.410799654997;0.5229999999999819
744;0:00:13.536305;7384.731003295319;0.5223571428571248
745;0:00:14.987673;10511.90000882483;0.5217142857142676
746;0:00:14.434595;10004.807746480015;0.5210714285714104
747;0:00:13.951837;9971.066612871859;0.5204285714285533
748;0:00:13.478301;8004.85013453709;0.5197857142856961
749;0:00:12.068593;8095.661432192085;0.5191428571428389
750;0:00:13.325887;9522.201856811707;0.5184999999999818
751;0:00:13.583579;6970.2017689305085;0.5178571428571246
752;0:00:16.690359;9636.36680535247;0.5172142857142674
753;0:00:14.140631;8254.789326465629;0.5165714285714103
754;0:00:12.236553;7883.093053977602;0.5159285714285531
755;0:00:13.236007;9915.247097065328;0.5152857142856959
756;0:00:14.071615;10474.984027037608;0.5146428571428387
757;0:00:13.671314;10119.336438668433;0.5139999999999816
758;0:00:17.778251;8275.342222325833;0.5133571428571244
759;0:00:15.566267;8208.260717466645;0.5127142857142672
760;0:00:14.554077;8242.412664587115;0.5120714285714101
761;0:00:13.736810;8065.924850602509;0.5114285714285529
762;0:00:11.586766;8655.61444620844;0.5107857142856957
763;0:00:11.782298;10619.630588222648;0.5101428571428386
764;0:00:12.198590;11019.082401295775;0.5094999999999814
765;0:00:14.164697;9629.50008119743;0.5088571428571242
766;0:00:12.967022;7283.710467889381;0.5082142857142671
767;0:00:13.514703;9957.305851337158;0.5075714285714099
768;0:00:12.887791;7294.33745918548;0.5069285714285527
769;0:00:14.104265;7634.247781733755;0.5062857142856956
770;0:00:14.079727;9348.96642753624;0.5056428571428384
771;0:00:12.993896;7158.0263598251095;0.5049999999999812
772;0:00:13.408523;7492.825577610383;0.5043571428571241
773;0:00:12.948794;10646.944611119356;0.5037142857142669
774;0:00:14.931826;11386.877073166941;0.5030714285714097
775;0:00:16.316284;10085.793215856127;0.5024285714285526
776;0:00:13.658812;11295.762060281812;0.5017857142856954
777;0:00:19.400385;9034.372764245734;0.5011428571428382
778;0:00:14.846164;9061.616589595444;0.5004999999999811
779;0:00:17.108030;10404.404717619083;0.4998571428571239
780;0:00:14.379321;9334.681639250894;0.49921428571426674
781;0:00:11.663010;10246.86700854721;0.49857142857140957
782;0:00:12.093106;11680.52916225256;0.4979285714285524
783;0:00:14.316355;6905.573282363739;0.49728571428569524
784;0:00:12.596390;7541.454619272466;0.49664285714283807
785;0:00:13.602551;11727.044977555606;0.4959999999999809
786;0:00:14.210572;8552.937176486757;0.49535714285712373
787;0:00:12.840673;11802.120670824832;0.49471428571426657
788;0:00:13.618446;10613.396080165008;0.4940714285714094
789;0:00:14.106695;7801.92523417328;0.49342857142855223
790;0:00:13.653643;7613.763180079493;0.49278571428569506
791;0:00:14.821818;8219.554844162993;0.4921428571428379
792;0:00:14.934643;8360.416757693874;0.49149999999998073
793;0:00:14.279838;8049.405982631554;0.49085714285712356
794;0:00:14.289706;6530.538249223276;0.4902142857142664
795;0:00:13.212166;6810.578692286843;0.48957142857140923
796;0:00:15.322875;9672.362617976933;0.48892857142855206
797;0:00:12.646126;8812.704053241949;0.4882857142856949
798;0:00:13.544114;8251.653954832982;0.4876428571428377
799;0:00:14.465107;7850.523090046831;0.48699999999998056
800;0:00:13.250716;9046.046608134577;0.4863571428571234
801;0:00:14.871238;8383.73754712322;0.4857142857142662
802;0:00:14.345232;10499.297489640301;0.48507142857140906
803;0:00:12.997254;8590.505312761237;0.4844285714285519
804;0:00:13.746642;10361.517219167104;0.4837857142856947
805;0:00:13.260977;10032.521160601818;0.48314285714283756
806;0:00:14.059166;9859.719815206648;0.4824999999999804
807;0:00:13.042760;8806.63353364273;0.4818571428571232
808;0:00:15.052983;9732.651708772128;0.48121428571426605
809;0:00:14.327518;7165.533495650225;0.4805714285714089
810;0:00:13.343927;5453.385919758576;0.4799285714285517
811;0:00:14.565940;8171.391718951158;0.47928571428569455
812;0:00:14.303271;11029.190313131336;0.4786428571428374
813;0:00:12.890460;7546.3668621019015;0.4779999999999802
814;0:00:13.621156;6864.440357442386;0.47735714285712305
815;0:00:12.720197;9087.881822404732;0.4767142857142659
816;0:00:14.231050;12609.221523807853;0.4760714285714087
817;0:00:13.412422;7671.49232353818;0.47542857142855155
818;0:00:13.413777;8612.937094421704;0.4747857142856944
819;0:00:16.057876;9291.26171218184;0.4741428571428372
820;0:00:13.084248;12069.404555588835;0.47349999999998005
821;0:00:13.250150;8410.448437704923;0.4728571428571229
822;0:00:12.208815;5928.251401514845;0.4722142857142657
823;0:00:15.507809;9729.21096167843;0.47157142857140855
824;0:00:14.574723;9287.619253130335;0.4709285714285514
825;0:00:15.643483;8907.787387119517;0.4702857142856942
826;0:00:13.729297;7823.304005743705;0.46964285714283704
827;0:00:13.495560;7273.017839705319;0.4689999999999799
828;0:00:14.212114;11323.527563742275;0.4683571428571227
829;0:00:12.828653;10140.355030339091;0.46771428571426554
830;0:00:13.711039;9598.861677343884;0.4670714285714084
831;0:00:12.267872;8946.35776501999;0.4664285714285512
832;0:00:13.355539;8247.769686970136;0.46578571428569404
833;0:00:14.202020;7644.072667361017;0.4651428571428369
834;0:00:14.101490;8153.640491903959;0.4644999999999797
835;0:00:13.684383;7741.22272878148;0.46385714285712254
836;0:00:14.475775;13161.596324026426;0.4632142857142654
837;0:00:14.675497;7184.139356024311;0.4625714285714082
838;0:00:14.786948;8938.27787645696;0.46192857142855104
839;0:00:14.077138;8027.288208595967;0.46128571428569387
840;0:00:16.112933;10561.481530345487;0.4606428571428367
841;0:00:14.055521;7972.540519002171;0.45999999999997954
842;0:00:14.958532;8328.782144886129;0.45935714285712237
843;0:00:14.202573;8027.095159764145;0.4587142857142652
844;0:00:12.047189;6425.942733576983;0.45807142857140803
845;0:00:15.105864;9761.616147086825;0.45742857142855087
846;0:00:12.266224;7122.900546426026;0.4567857142856937
847;0:00:13.656290;8723.286356922115;0.45614285714283653
848;0:00:14.711496;11817.232812262007;0.45549999999997937
849;0:00:13.572740;8779.801435908932;0.4548571428571222
850;0:00:13.287587;7869.039173522109;0.45421428571426503
851;0:00:13.632999;9007.828794633471;0.45357142857140786
852;0:00:12.162370;9668.625572353098;0.4529285714285507
853;0:00:14.805830;11691.064731816721;0.45228571428569353
854;0:00:14.410000;9368.541557380071;0.45164285714283636
855;0:00:10.696112;10693.55425083953;0.4509999999999792
856;0:00:11.986401;9790.512024622636;0.45035714285712203
857;0:00:11.899038;11201.424875975517;0.44971428571426486
858;0:00:10.918032;13819.89810070124;0.4490714285714077
859;0:00:12.466728;6764.905893622915;0.4484285714285505
860;0:00:12.151780;11236.57485809954;0.44778571428569336
861;0:00:10.789466;11322.123763316598;0.4471428571428362
862;0:00:10.879772;10622.233787791678;0.446499999999979
863;0:00:12.887399;6112.48408270807;0.44585714285712186
864;0:00:12.467618;9714.971377919517;0.4452142857142647
865;0:00:10.996731;12423.85178757168;0.4445714285714075
866;0:00:12.262815;7688.039628909424;0.44392857142855036
867;0:00:11.975280;7879.5819177394305;0.4432857142856932
868;0:00:13.496658;9766.767700287259;0.442642857142836
869;0:00:12.426472;8147.7171585382885;0.44199999999997885
870;0:00:12.629297;9499.869838217168;0.4413571428571217
871;0:00:11.897690;6968.753026056919;0.4407142857142645
872;0:00:12.439692;13652.05624819796;0.44007142857140735
873;0:00:13.034391;8572.551769165251;0.4394285714285502
874;0:00:12.197740;12178.842059574383;0.438785714285693
875;0:00:11.734783;11326.976564195045;0.43814285714283585
876;0:00:10.064876;9664.914494791223;0.4374999999999787
877;0:00:09.795779;9421.436878579503;0.4368571428571215
878;0:00:12.580187;9328.064225120572;0.43621428571426435
879;0:00:12.571131;7370.644640724967;0.4355714285714072
880;0:00:15.250797;9495.799675304961;0.43492857142855
881;0:00:13.581492;8378.827879424558;0.43428571428569285
882;0:00:11.887664;10038.191029924552;0.4336428571428357
883;0:00:13.170622;9892.0176487442;0.4329999999999785
884;0:00:16.234882;11397.143816485564;0.43235714285712135
885;0:00:13.665183;7563.965277151981;0.4317142857142642
886;0:00:13.788776;8255.35930342594;0.431071428571407
887;0:00:14.830784;8870.334643536793;0.43042857142854984
888;0:00:13.785944;7873.658845877309;0.4297857142856927
889;0:00:14.793855;8746.069879124694;0.4291428571428355
890;0:00:15.129393;10045.814141787941;0.42849999999997834
891;0:00:15.123429;9760.364486886605;0.4278571428571212
892;0:00:11.797421;9813.804223817158;0.427214285714264
893;0:00:11.720389;9018.82007490264;0.42657142857140684
894;0:00:12.351412;9050.767325647459;0.4259285714285497
895;0:00:12.799583;8638.779913007955;0.4252857142856925
896;0:00:14.476388;9793.994217271154;0.42464285714283534
897;0:00:11.702521;7942.338873260463;0.42399999999997817
898;0:00:14.338510;9544.579250039393;0.423357142857121
899;0:00:14.216759;8711.469118673293;0.42271428571426384
900;0:00:13.312460;9862.597725299951;0.42207142857140667
901;0:00:14.929518;7757.016087948138;0.4214285714285495
902;0:00:13.096677;7795.584374368674;0.42078571428569234
903;0:00:14.038187;9680.229733477596;0.42014285714283517
904;0:00:13.343639;11626.49303085063;0.419499999999978
905;0:00:14.548683;8677.82574086416;0.41885714285712083
906;0:00:14.088704;8668.946815655383;0.41821428571426367
907;0:00:13.344908;7663.936997437874;0.4175714285714065
908;0:00:14.020601;8089.823124769765;0.41692857142854933
909;0:00:13.363395;8596.64036249357;0.41628571428569217
910;0:00:14.249366;8747.730891560657;0.415642857142835
911;0:00:13.781571;9534.89050301987;0.41499999999997783
912;0:00:14.957993;9345.640190091224;0.41435714285712066
913;0:00:19.138218;9602.38687030972;0.4137142857142635
914;0:00:13.689119;9575.677936545222;0.41307142857140633
915;0:00:12.873826;12223.257691539762;0.41242857142854916
916;0:00:11.775601;7357.59855820654;0.411785714285692
917;0:00:13.832517;8617.165856908356;0.4111428571428348
918;0:00:13.907000;8599.151703266542;0.41049999999997766
919;0:00:13.979708;8807.609639758795;0.4098571428571205
920;0:00:13.715800;7838.876074851635;0.4092142857142633
921;0:00:13.913088;9636.035417996256;0.40857142857140616
922;0:00:14.749827;8950.385876471168;0.407928571428549
923;0:00:13.317568;8177.353816891111;0.4072857142856918
924;0:00:13.644319;8038.479567166095;0.40664285714283466
925;0:00:13.110454;9416.429802866922;0.4059999999999775
926;0:00:13.019881;7997.557317162277;0.4053571428571203
927;0:00:15.146104;10954.250973965907;0.40471428571426316
928;0:00:13.461044;8296.824167260545;0.404071428571406
929;0:00:13.549161;8494.693356571224;0.4034285714285488
930;0:00:14.789896;9110.64252691906;0.40278571428569165
931;0:00:13.127765;8509.69119384654;0.4021428571428345
932;0:00:13.350239;7675.482888158835;0.4014999999999773
933;0:00:14.273351;8704.228048203602;0.40085714285712015
934;0:00:14.608125;8306.198935681561;0.400214285714263
935;0:00:18.518901;10049.509097285154;0.3995714285714058
936;0:00:13.691060;8793.185257370968;0.39892857142854865
937;0:00:13.362231;7601.917833635225;0.3982857142856915
938;0:00:13.423488;8067.947484334755;0.3976428571428343
939;0:00:13.286875;9180.09537296543;0.39699999999997715
940;0:00:13.109783;8664.503691679913;0.39635714285712
941;0:00:11.894019;6147.196642212555;0.3957142857142628
942;0:00:13.067681;8112.962595684927;0.39507142857140565
943;0:00:11.881259;9436.3083173478;0.3944285714285485
944;0:00:13.599711;8027.662126029701;0.3937857142856913
945;0:00:13.696660;9625.037801962628;0.39314285714283415
946;0:00:12.384718;10879.005022786609;0.392499999999977
947;0:00:12.514477;9846.84612213676;0.3918571428571198
948;0:00:12.106513;9739.539110923164;0.39121428571426264
949;0:00:14.894864;11714.986023917747;0.3905714285714055
950;0:00:15.823746;7955.464180520446;0.3899285714285483
951;0:00:11.693241;8484.020548723405;0.38928571428569114
952;0:00:12.391456;9131.00798816629;0.388642857142834
953;0:00:13.947548;9542.953231638041;0.3879999999999768
954;0:00:13.436917;7533.889987805246;0.38735714285711964
955;0:00:13.608672;8063.05899327957;0.3867142857142625
956;0:00:13.119062;8181.952960337281;0.3860714285714053
957;0:00:13.479003;8771.901622074656;0.38542857142854814
958;0:00:13.869652;8753.369838224797;0.38478571428569097
959;0:00:11.941946;6807.328761338637;0.3841428571428338
960;0:00:12.935277;8201.419040592255;0.38349999999997664
961;0:00:14.597982;11374.472770529539;0.38285714285711947
962;0:00:13.716286;10554.027149242087;0.3822142857142623
963;0:00:13.104935;7748.171067958077;0.38157142857140514
964;0:00:18.417330;10173.072046934918;0.38092857142854797
965;0:00:18.092959;10053.160110722703;0.3802857142856908
966;0:00:14.931973;9065.76859478874;0.37964285714283363
967;0:00:16.944657;8644.546867424;0.37899999999997647
968;0:00:11.724265;10511.294154082621;0.3783571428571193
969;0:00:14.741117;13870.949363164244;0.37771428571426213
970;0:00:11.233359;16055.244984911787;0.37707142857140497
971;0:00:12.409995;10340.683918605146;0.3764285714285478
972;0:00:11.437219;11219.255753980211;0.37578571428569063
973;0:00:12.803642;9853.145916754802;0.37514285714283346
974;0:00:11.624367;13187.833527790486;0.3744999999999763
975;0:00:12.398538;9646.49671701817;0.37385714285711913
976;0:00:10.911846;12919.380953057718;0.37321428571426196
977;0:00:11.421242;9862.91151217184;0.3725714285714048
978;0:00:11.463822;11848.140536413826;0.3719285714285476
979;0:00:11.003661;7521.554089008323;0.37128571428569046
980;0:00:12.379666;12866.15660883767;0.3706428571428333
981;0:00:10.816799;9272.80822150381;0.3699999999999761
982;0:00:13.491064;11999.82698808664;0.36935714285711896
983;0:00:14.661225;15957.013439670853;0.3687142857142618
984;0:00:13.213446;8967.928907841508;0.3680714285714046
985;0:00:11.502148;8817.097943248715;0.36742857142854746
986;0:00:12.414494;12672.224417655805;0.3667857142856903
987;0:00:12.911162;9924.915952420271;0.3661428571428331
988;0:00:14.085226;9555.782114602494;0.36549999999997596
989;0:00:13.504904;11396.07170688207;0.3648571428571188
990;0:00:12.036846;13870.528406002953;0.3642142857142616
991;0:00:12.165632;11994.147083928878;0.36357142857140445
992;0:00:10.311201;8321.74849742405;0.3629285714285473
993;0:00:12.451615;10741.920122745909;0.3622857142856901
994;0:00:13.123050;12031.328375490933;0.36164285714283295
995;0:00:11.769350;12312.711699729802;0.3609999999999758
996;0:00:10.820891;12270.831787350546;0.3603571428571186
997;0:00:11.165759;8489.623592457181;0.35971428571426145
998;0:00:12.364853;8635.832624220557;0.3590714285714043
999;0:00:13.108029;11631.201625445432;0.3584285714285471
1000;0:00:13.444773;11552.164288280565;0.35778571428568995
1001;0:00:12.496595;8803.627270930385;0.3571428571428328
1002;0:00:12.544145;8681.703186014236;0.3564999999999756
1003;0:00:13.456949;9364.091681589058;0.35585714285711845
1004;0:00:13.242990;9659.468592023659;0.3552142857142613
1005;0:00:12.093713;8044.966820307504;0.3545714285714041
1006;0:00:13.557128;9389.684907516765;0.35392857142854695
1007;0:00:11.607125;12359.62709617877;0.3532857142856898
1008;0:00:12.554322;11460.511184950696;0.3526428571428326
1009;0:00:11.977975;10073.467404802397;0.35199999999997544
1010;0:00:13.055801;12396.836730003355;0.3513571428571183
1011;0:00:12.324843;8729.235686428847;0.3507142857142611
1012;0:00:12.231471;8302.301677613788;0.35007142857140394
1013;0:00:11.490037;10468.354827398973;0.3494285714285468
1014;0:00:13.146070;15243.909181273219;0.3487857142856896
1015;0:00:13.527282;11077.073211819645;0.34814285714283244
1016;0:00:12.461880;9251.501266435904;0.3474999999999753
1017;0:00:13.515171;15395.12613870062;0.3468571428571181
1018;0:00:12.414328;11747.012916053667;0.34621428571426094
1019;0:00:12.823587;9010.83703164908;0.34557142857140377
1020;0:00:14.033549;8909.21965396117;0.3449285714285466
1021;0:00:11.767495;12187.005114125332;0.34428571428568944
1022;0:00:13.658612;11079.14824182877;0.34364285714283227
1023;0:00:12.368167;9785.964045057444;0.3429999999999751
1024;0:00:13.693563;14429.806081628127;0.34235714285711794
1025;0:00:11.930958;8908.584443917596;0.34171428571426077
1026;0:00:12.798222;9836.432245903436;0.3410714285714036
1027;0:00:13.006817;8748.23667141511;0.34042857142854643
1028;0:00:12.201434;8480.942741552302;0.33978571428568927
1029;0:00:12.976483;9933.08063421048;0.3391428571428321
1030;0:00:13.752736;10366.181067773117;0.33849999999997493
1031;0:00:11.882650;9138.528723552436;0.33785714285711776
1032;0:00:11.647437;10731.608532022628;0.3372142857142606
1033;0:00:13.616976;10349.029130446457;0.33657142857140343
1034;0:00:10.710642;12774.125860430273;0.33592857142854626
1035;0:00:12.726710;9181.5150696779;0.3352857142856891
1036;0:00:12.948359;10001.052072567578;0.33464285714283193
1037;0:00:12.995789;8308.816663739119;0.33399999999997476
1038;0:00:13.099069;8537.217299207014;0.3333571428571176
1039;0:00:11.622839;9472.352668433952;0.3327142857142604
1040;0:00:12.573002;9069.639052423618;0.33207142857140326
1041;0:00:11.653326;9192.522629845971;0.3314285714285461
1042;0:00:11.097472;14696.45023479918;0.3307857142856889
1043;0:00:11.166245;10528.356843784934;0.33014285714283176
1044;0:00:13.036857;10657.915169758082;0.3294999999999746
1045;0:00:12.618541;10376.286397646347;0.3288571428571174
1046;0:00:11.568078;9799.529676288437;0.32821428571426026
1047;0:00:10.929025;11986.980067603548;0.3275714285714031
1048;0:00:10.825176;13087.1144246015;0.3269285714285459
1049;0:00:10.053025;12831.209414678915;0.32628571428568875
1050;0:00:10.571416;15416.162692007916;0.3256428571428316
1051;0:00:10.913497;9458.784683219705;0.3249999999999744
1052;0:00:10.994296;8045.575304840948;0.32435714285711725
1053;0:00:11.875676;12601.338309645325;0.3237142857142601
1054;0:00:10.865299;10452.841117902786;0.3230714285714029
1055;0:00:09.986698;11147.730655358875;0.32242857142854575
1056;0:00:10.152661;13440.15869790966;0.3217857142856886
1057;0:00:11.591943;11187.416402389592;0.3211428571428314
1058;0:00:13.092215;10673.13306036102;0.32049999999997425
1059;0:00:13.477254;10777.68469886389;0.3198571428571171
1060;0:00:10.806373;12236.59565803226;0.3192142857142599
1061;0:00:09.598435;11711.695277105331;0.31857142857140275
1062;0:00:12.180068;13701.934759960708;0.3179285714285456
1063;0:00:11.741356;10038.293860059704;0.3172857142856884
1064;0:00:13.126727;14526.948924587345;0.31664285714283125
1065;0:00:12.865491;10854.749485585535;0.3159999999999741
1066;0:00:11.518093;11002.095011787236;0.3153571428571169
1067;0:00:12.276922;9915.498164119248;0.31471428571425974
1068;0:00:11.738410;11457.18388223478;0.3140714285714026
1069;0:00:12.751002;11126.471576999515;0.3134285714285454
1070;0:00:12.950786;13472.946847337513;0.31278571428568824
1071;0:00:11.508141;12919.417797787175;0.3121428571428311
1072;0:00:12.962759;10142.955640796838;0.3114999999999739
1073;0:00:12.639861;10753.507666023008;0.31085714285711674
1074;0:00:12.496872;11612.774014475523;0.3102142857142596
1075;0:00:12.139341;11174.831680138048;0.3095714285714024
1076;0:00:12.287163;9888.326751587574;0.30892857142854524
1077;0:00:15.584084;8785.806931965373;0.3082857142856881
1078;0:00:13.820830;12196.991794151027;0.3076428571428309
1079;0:00:12.225405;11231.382401562876;0.30699999999997374
1080;0:00:11.887076;20406.971444466566;0.30635714285711657
1081;0:00:11.698067;14028.196496540699;0.3057142857142594
1082;0:00:09.875464;15792.812335395276;0.30507142857140224
1083;0:00:09.708041;7876.154112564148;0.30442857142854507
1084;0:00:10.017977;12479.433024921937;0.3037857142856879
1085;0:00:09.786558;12709.410760678102;0.30314285714283074
1086;0:00:14.048657;12349.015160863573;0.30249999999997357
1087;0:00:10.784528;10375.394832217522;0.3018571428571164
1088;0:00:09.068053;11443.496524006569;0.30121428571425923
1089;0:00:10.144607;14244.517844184424;0.30057142857140207
1090;0:00:10.328915;13923.003383354175;0.2999285714285449
1091;0:00:11.524123;8251.495381503371;0.29928571428568773
1092;0:00:11.150832;12532.361958896718;0.29864285714283056
1093;0:00:10.287515;9411.320822756083;0.2979999999999734
1094;0:00:09.844795;11422.901368967447;0.29735714285711623
1095;0:00:09.417502;12388.559575717109;0.29671428571425906
1096;0:00:09.030254;10784.241205253446;0.2960714285714019
1097;0:00:09.721346;12843.782054619374;0.29542857142854473
1098;0:00:14.357216;15399.468683481175;0.29478571428568756
1099;0:00:12.596692;9766.251088122515;0.2941428571428304
1100;0:00:10.237422;11421.649833062598;0.2934999999999732
1101;0:00:14.431025;13329.490046876943;0.29285714285711606
1102;0:00:13.113739;11797.03686888908;0.2922142857142589
1103;0:00:12.894745;10372.59700191806;0.2915714285714017
1104;0:00:16.880507;13944.09605978731;0.29092857142854456
1105;0:00:10.271789;14131.731250108714;0.2902857142856874
1106;0:00:11.049897;11950.775097014026;0.2896428571428302
1107;0:00:10.772341;13281.461339385953;0.28899999999997306
1108;0:00:11.004465;12498.424996872023;0.2883571428571159
1109;0:00:11.156854;13312.722411938852;0.2877142857142587
1110;0:00:10.551153;9163.65308191067;0.28707142857140155
1111;0:00:11.595517;17895.3271798988;0.2864285714285444
1112;0:00:11.032462;16334.916555193218;0.2857857142856872
1113;0:00:09.380106;12737.082596021357;0.28514285714283005
1114;0:00:10.947652;11003.039212155654;0.2844999999999729
1115;0:00:12.426842;12325.244378998354;0.2838571428571157
1116;0:00:09.811699;12476.876590263435;0.28321428571425855
1117;0:00:10.077632;16333.954498658737;0.2825714285714014
1118;0:00:12.059112;11872.698041009644;0.2819285714285442
1119;0:00:10.794973;13196.105129365524;0.28128571428568705
1120;0:00:10.289796;15622.58183708823;0.2806428571428299
1121;0:00:09.909612;9966.672910101632;0.2799999999999727
1122;0:00:10.386808;11476.198672920604;0.27935714285711555
1123;0:00:10.610383;11112.144099636944;0.2787142857142584
1124;0:00:11.873080;9057.80399821357;0.2780714285714012
1125;0:00:17.080475;11049.34633904476;0.27742857142854405
1126;0:00:15.170016;14020.918182234587;0.2767857142856869
1127;0:00:10.166736;11293.55261589557;0.2761428571428297
1128;0:00:14.303619;11859.822690969057;0.27549999999997254
1129;0:00:10.150180;13157.602343303983;0.2748571428571154
1130;0:00:11.959069;13691.591988713393;0.2742142857142582
1131;0:00:14.439650;11154.191821958128;0.27357142857140104
1132;0:00:10.697998;8430.20149471466;0.2729285714285439
1133;0:00:14.652626;11473.847359706753;0.2722857142856867
1134;0:00:12.975505;9538.832789639886;0.27164285714282954
1135;0:00:14.679118;10283.523208705965;0.2709999999999724
1136;0:00:14.210230;12616.553520257889;0.2703571428571152
1137;0:00:12.395278;9742.909199369422;0.26971428571425804
1138;0:00:14.947597;14176.312675415656;0.2690714285714009
1139;0:00:09.281912;11858.548635445877;0.2684285714285437
1140;0:00:14.980779;14451.56894148531;0.26778571428568654
1141;0:00:11.855829;16360.177074572883;0.26714285714282937
1142;0:00:08.859494;10094.083030470929;0.2664999999999722
1143;0:00:13.127111;15148.168585080331;0.26585714285711504
1144;0:00:11.386417;11540.57022232313;0.26521428571425787
1145;0:00:10.825775;13291.257038527694;0.2645714285714007
1146;0:00:14.771323;11054.959535472002;0.26392857142854353
1147;0:00:09.454435;12288.270397008973;0.26328571428568637
1148;0:00:14.251142;9907.286811056816;0.2626428571428292
1149;0:00:13.455197;10229.89078362031;0.26199999999997203
1150;0:00:14.100164;10203.976381947306;0.26135714285711487
1151;0:00:13.365015;10707.838016903079;0.2607142857142577
1152;0:00:08.304015;7531.362482566906;0.26007142857140053
1153;0:00:13.755316;10855.11425008933;0.25942857142854336
1154;0:00:12.097657;11480.927573262235;0.2587857142856862
1155;0:00:09.930143;11205.764603113232;0.25814285714282903
1156;0:00:15.158495;11401.889895370367;0.25749999999997186
1157;0:00:08.636989;13228.180614505247;0.2568571428571147
1158;0:00:12.017646;10924.883108544116;0.25621428571425753
1159;0:00:13.004312;11541.38798476505;0.25557142857140036
1160;0:00:08.044036;11477.789134710394;0.2549285714285432
1161;0:00:11.544531;11416.688877775345;0.254285714285686
1162;0:00:10.949230;10910.512115477213;0.25364285714282886
1163;0:00:09.317805;12775.362800244371;0.2529999999999717
1164;0:00:10.172331;14174.222543895698;0.2523571428571145
1165;0:00:13.377601;16104.83619242456;0.25171428571425736
1166;0:00:08.763719;8586.316082459012;0.2510714285714002
1167;0:00:09.831313;8602.426571423852;0.250428571428543
1168;0:00:15.270823;11789.011106868187;0.24978571428568588
1169;0:00:10.183084;13572.53591418952;0.24914285714282874
1170;0:00:10.429191;14721.385567330846;0.2484999999999716
1171;0:00:15.369855;12961.869870028086;0.24785714285711447
1172;0:00:08.059493;8644.67272726922;0.24721428571425733
1173;0:00:11.204288;12259.880849905387;0.2465714285714002
1174;0:00:12.289687;13503.752741623144;0.24592857142854305
1175;0:00:09.354880;9828.40701522006;0.2452857142856859
1176;0:00:16.429477;13236.144712992318;0.24464285714282877
1177;0:00:12.076856;10353.755213905304;0.24399999999997163
1178;0:00:12.234530;14642.720345254123;0.2433571428571145
1179;0:00:12.162724;10792.732554847598;0.24271428571425735
1180;0:00:09.980437;13095.394077989919;0.2420714285714002
1181;0:00:14.809074;15616.70306486655;0.24142857142854307
1182;0:00:13.543517;11366.242058444546;0.24078571428568593
1183;0:00:12.012759;13969.555746495587;0.2401428571428288
1184;0:00:15.914349;10409.804317302478;0.23949999999997165
1185;0:00:09.056584;11598.643506045106;0.2388571428571145
1186;0:00:15.343069;10062.439404894872;0.23821428571425737
1187;0:00:12.253943;12170.79760733716;0.23757142857140023
1188;0:00:10.662275;15840.599208210311;0.2369285714285431
1189;0:00:12.916182;12570.03967888726;0.23628571428568595
1190;0:00:10.070659;12385.253376111594;0.23564285714282882
1191;0:00:12.800485;13968.579814064284;0.23499999999997168
1192;0:00:13.870727;12967.252699039956;0.23435714285711454
1193;0:00:10.761601;12998.835869179351;0.2337142857142574
1194;0:00:14.316299;11263.701721055322;0.23307142857140026
1195;0:00:12.221148;14643.626215028544;0.23242857142854312
1196;0:00:11.375653;14131.441339437182;0.23178571428568598
1197;0:00:13.318239;12168.43420128213;0.23114285714282884
1198;0:00:09.093299;12941.218395667422;0.2304999999999717
1199;0:00:11.698792;12657.313636549274;0.22985714285711456
1200;0:00:12.998342;10965.066577442562;0.22921428571425742
1201;0:00:08.598165;11343.287013523377;0.22857142857140028
1202;0:00:12.924234;13806.963190028817;0.22792857142854314
1203;0:00:13.060870;8858.463737152913;0.227285714285686
1204;0:00:09.104559;9996.985365983444;0.22664285714282886
1205;0:00:12.602693;15424.399133785344;0.22599999999997172
1206;0:00:10.665963;12630.943974255311;0.22535714285711458
1207;0:00:07.103226;11363.870505619136;0.22471428571425744
1208;0:00:12.085587;10277.986377513544;0.2240714285714003
1209;0:00:12.227053;10741.100408675533;0.22342857142854317
1210;0:00:07.890108;11903.64191762356;0.22278571428568603
1211;0:00:12.494213;15136.042734036915;0.2221428571428289
1212;0:00:11.356396;16036.846706208831;0.22149999999997175
1213;0:00:08.278113;12275.458393104353;0.2208571428571146
1214;0:00:12.318891;12423.298270967338;0.22021428571425747
1215;0:00:12.058802;12003.222251559693;0.21957142857140033
1216;0:00:09.643870;7671.908031742054;0.2189285714285432
1217;0:00:12.011962;12738.751572174013;0.21828571428568605
1218;0:00:10.224373;10728.867673866005;0.2176428571428289
1219;0:00:10.522063;13250.371610932634;0.21699999999997177
1220;0:00:14.663041;12554.034422995479;0.21635714285711463
1221;0:00:09.932699;13310.463857193216;0.2157142857142575
1222;0:00:11.493451;15826.509400390047;0.21507142857140035
1223;0:00:13.934682;12779.410965971736;0.2144285714285432
1224;0:00:09.412838;12522.4748209944;0.21378571428568607
1225;0:00:13.554400;12890.775348165476;0.21314285714282893
1226;0:00:11.448309;13305.875863070054;0.2124999999999718
1227;0:00:08.459542;10192.500910419703;0.21185714285711466
1228;0:00:14.845461;16729.04453929164;0.21121428571425752
1229;0:00:10.485505;10557.979862525179;0.21057142857140038
1230;0:00:09.959622;11678.101181532289;0.20992857142854324
1231;0:00:13.059876;11576.874703089605;0.2092857142856861
1232;0:00:10.518894;13702.667193369538;0.20864285714282896
1233;0:00:13.611371;11574.288127900212;0.20799999999997182
1234;0:00:12.834040;11748.865669309715;0.20735714285711468
1235;0:00:12.437286;14306.232340341716;0.20671428571425754
1236;0:00:16.220810;14326.023657235019;0.2060714285714004
1237;0:00:09.947463;12248.535549375027;0.20542857142854326
1238;0:00:11.773833;11546.730944104367;0.20478571428568612
1239;0:00:15.726190;11213.106548529122;0.20414285714282898
1240;0:00:11.511205;12768.525996757548;0.20349999999997184
1241;0:00:13.636981;11602.071859797543;0.2028571428571147
1242;0:00:11.639851;14062.22329864091;0.20221428571425756
1243;0:00:10.129300;11605.166475453349;0.20157142857140042
1244;0:00:15.058514;13220.138296963996;0.20092857142854328
1245;0:00:12.215437;13614.35144748762;0.20028571428568614
1246;0:00:14.798708;13564.213761202082;0.199642857142829
1247;0:00:14.832884;13217.870354891185;0.19899999999997187
1248;0:00:10.979085;16103.528984158433;0.19835714285711473
1249;0:00:09.112934;12965.046257099719;0.1977142857142576
1250;0:00:09.012712;14607.329623217704;0.19707142857140045
1251;0:00:10.034234;13666.756588114027;0.1964285714285433
1252;0:00:09.297393;12482.997927722445;0.19578571428568617
1253;0:00:08.707512;11978.334190169422;0.19514285714282903
1254;0:00:10.210920;11462.973527952483;0.1944999999999719
1255;0:00:10.809536;13298.544933537722;0.19385714285711475
1256;0:00:12.840111;13346.755083041178;0.1932142857142576
1257;0:00:12.259580;12536.894703979364;0.19257142857140047
1258;0:00:08.772318;13048.59332300852;0.19192857142854333
1259;0:00:11.103298;14501.448061551077;0.1912857142856862
1260;0:00:10.023807;14699.223438438134;0.19064285714282905
1261;0:00:10.048713;13486.878709752822;0.1899999999999719
1262;0:00:09.172628;13490.862347520342;0.18935714285711477
1263;0:00:09.956262;11278.576674965461;0.18871428571425763
1264;0:00:10.515819;13778.586171333105;0.1880714285714005
1265;0:00:10.879479;13687.416470867438;0.18742857142854336
1266;0:00:10.482534;13132.17194133499;0.18678571428568622
1267;0:00:11.163085;13963.390838848083;0.18614285714282908
1268;0:00:09.913963;14829.567454132794;0.18549999999997194
1269;0:00:10.442248;13893.153741963459;0.1848571428571148
1270;0:00:09.139684;10249.981644622385;0.18421428571425766
1271;0:00:08.715117;11426.920283670088;0.18357142857140052
1272;0:00:09.019959;13386.530432972837;0.18292857142854338
1273;0:00:10.951221;16290.040747351297;0.18228571428568624
1274;0:00:12.774221;15884.30148937766;0.1816428571428291
1275;0:00:08.334901;15190.721673368253;0.18099999999997196
1276;0:00:09.137373;11955.335575380988;0.18035714285711482
1277;0:00:09.915093;11467.290372916266;0.17971428571425768
1278;0:00:08.329106;12787.973653765448;0.17907142857140054
1279;0:00:08.791050;13834.836749045604;0.1784285714285434
1280;0:00:08.679789;13656.392932300807;0.17778571428568626
1281;0:00:07.531702;12084.360090480506;0.17714285714282912
1282;0:00:07.197377;15249.93849157849;0.17649999999997198
1283;0:00:07.580177;15065.841534750916;0.17585714285711485
1284;0:00:08.211030;15951.550987636196;0.1752142857142577
1285;0:00:07.577964;16235.931873720288;0.17457142857140057
1286;0:00:07.359629;13719.078144310231;0.17392857142854343
1287;0:00:08.011288;15591.02747993409;0.1732857142856863
1288;0:00:08.037150;12478.901126493656;0.17264285714282915
1289;0:00:12.388069;13177.78667287519;0.171999999999972
1290;0:00:08.945186;11145.024694055941;0.17135714285711487
1291;0:00:09.104474;17412.319386499727;0.17071428571425773
1292;0:00:08.954338;13185.241715209222;0.1700714285714006
1293;0:00:08.197725;12570.76859236917;0.16942857142854345
1294;0:00:08.268226;12152.726880204777;0.1687857142856863
1295;0:00:09.846070;15772.315695317158;0.16814285714282917
1296;0:00:08.714833;14552.543183143558;0.16749999999997203
1297;0:00:09.670381;14170.255205495057;0.1668571428571149
1298;0:00:10.640196;17076.549187576755;0.16621428571425775
1299;0:00:09.556806;17160.03165490498;0.16557142857140061
1300;0:00:09.570562;12973.63514582639;0.16492857142854347
1301;0:00:09.780508;10564.496351416046;0.16428571428568634
1302;0:00:09.477923;15461.653015964857;0.1636428571428292
1303;0:00:08.200585;13924.190023327323;0.16299999999997206
1304;0:00:08.891944;13740.649745832574;0.16235714285711492
1305;0:00:08.507194;15785.098428508758;0.16171428571425778
1306;0:00:09.550633;12496.769093363493;0.16107142857140064
1307;0:00:09.215578;14021.124783138113;0.1604285714285435
1308;0:00:13.734885;18159.91734855934;0.15978571428568636
1309;0:00:11.952208;10515.305240427928;0.15914285714282922
1310;0:00:11.164859;12489.658047796454;0.15849999999997208
1311;0:00:09.153088;13257.517645334603;0.15785714285711494
1312;0:00:12.259482;13294.87193524768;0.1572142857142578
1313;0:00:10.283813;14334.401033564145;0.15657142857140066
1314;0:00:07.893080;15565.263902983566;0.15592857142854352
1315;0:00:13.176744;16079.066902145983;0.15528571428568638
1316;0:00:13.335191;17645.002698165918;0.15464285714282924
1317;0:00:09.662357;19063.463729127878;0.1539999999999721
1318;0:00:12.569958;16715.553732926408;0.15335714285711496
1319;0:00:11.081843;19670.177865376907;0.15271428571425782
1320;0:00:09.382587;13936.139691211154;0.15207142857140069
1321;0:00:11.542737;14273.591622397793;0.15142857142854355
1322;0:00:10.519373;16634.191277702368;0.1507857142856864
1323;0:00:07.759247;17774.251624110137;0.15014285714282927
1324;0:00:14.417772;13657.202801015745;0.14949999999997213
1325;0:00:11.993787;12155.530151880399;0.148857142857115
1326;0:00:11.063448;13432.316821226032;0.14821428571425785
1327;0:00:11.247423;13261.10757152845;0.1475714285714007
1328;0:00:10.656236;15893.853988755622;0.14692857142854357
1329;0:00:09.636803;11982.49084828275;0.14628571428568643
1330;0:00:12.653992;18139.16527161547;0.1456428571428293
1331;0:00:09.883796;16815.503834688505;0.14499999999997215
1332;0:00:10.049736;17722.1504434812;0.144357142857115
1333;0:00:12.458266;14796.359608044491;0.14371428571425787
1334;0:00:10.220208;14852.144584652824;0.14307142857140073
1335;0:00:09.593425;11607.620362292544;0.1424285714285436
1336;0:00:13.264098;14179.11935474428;0.14178571428568645
1337;0:00:09.098722;14431.570637271374;0.14114285714282931
1338;0:00:10.535225;17262.54185278848;0.14049999999997217
1339;0:00:12.451516;13533.22298776073;0.13985714285711504
1340;0:00:08.850733;16113.088796580307;0.1392142857142579
1341;0:00:09.525104;15180.890634574444;0.13857142857140076
1342;0:00:10.652140;18178.345442795842;0.13792857142854362
1343;0:00:10.892467;15066.127898748153;0.13728571428568648
1344;0:00:08.792632;13317.923279431892;0.13664285714282934
1345;0:00:11.748994;16048.443688861218;0.1359999999999722
1346;0:00:11.867305;17746.14553832938;0.13535714285711506
1347;0:00:09.897350;12876.85414496957;0.13471428571425792
1348;0:00:13.304050;13642.00312621549;0.13407142857140078
1349;0:00:09.884611;14540.725853865702;0.13342857142854364
1350;0:00:08.946512;14364.715177767808;0.1327857142856865
1351;0:00:11.443293;17005.30547244748;0.13214285714282936
1352;0:00:11.647278;17212.95224253367;0.13149999999997222
1353;0:00:07.313120;15999.419788319283;0.13085714285711508
1354;0:00:11.150622;11411.399534082602;0.13021428571425794
1355;0:00:11.642685;14706.335548662768;0.1295714285714008
1356;0:00:07.870598;14467.11647658866;0.12892857142854366
1357;0:00:10.499646;16411.7148468564;0.12828571428568653
1358;0:00:10.308301;14450.889478282725;0.12764285714282939
1359;0:00:09.399218;14166.216309619218;0.12699999999997225
1360;0:00:09.582819;14697.00467529606;0.1263571428571151
1361;0:00:11.092393;12458.299385439257;0.12571428571425797
1362;0:00:10.666992;14992.061287081267;0.12507142857140083
1363;0:00:09.235023;14582.610369738915;0.12442857142854369
1364;0:00:12.876048;15887.192734759852;0.12378571428568655
1365;0:00:10.569248;14679.98859252312;0.12314285714282941
1366;0:00:07.301970;18149.931488158185;0.12249999999997227
1367;0:00:10.347452;13288.48341300595;0.12185714285711513
1368;0:00:11.801758;17778.401895033894;0.12121428571425799
1369;0:00:07.460491;14705.819636835824;0.12057142857140085
1370;0:00:10.245471;13267.064456847203;0.11992857142854371
1371;0:00:12.879469;14449.67247600212;0.11928571428568657
1372;0:00:09.051541;13152.179024959352;0.11864285714282943
1373;0:00:10.075906;15183.178092632554;0.1179999999999723
1374;0:00:10.495092;15157.856907725205;0.11735714285711515
1375;0:00:09.100549;18852.584281977808;0.11671428571425801
1376;0:00:08.973978;19840.558696371503;0.11607142857140088
1377;0:00:12.922285;14542.147206566598;0.11542857142854374
1378;0:00:08.804545;17000.560397495366;0.1147857142856866
1379;0:00:07.879451;14414.548450125625;0.11414285714282946
1380;0:00:09.954213;10961.426470041137;0.11349999999997232
1381;0:00:10.929604;20353.89999001024;0.11285714285711518
1382;0:00:06.974825;13130.576823374668;0.11221428571425804
1383;0:00:10.198012;11460.24908053245;0.1115714285714009
1384;0:00:10.632242;13312.44027610178;0.11092857142854376
1385;0:00:07.783748;12689.647842343149;0.11028571428568662
1386;0:00:08.629562;13984.847325424626;0.10964285714282948
1387;0:00:12.794269;14355.486728298167;0.10899999999997234
1388;0:00:10.155266;12301.57197508858;0.1083571428571152
1389;0:00:09.317961;14315.590196478388;0.10771428571425806
1390;0:00:12.852445;14897.650221586311;0.10707142857140092
1391;0:00:10.546354;17635.435672604533;0.10642857142854378
1392;0:00:08.789445;14978.24197708118;0.10578571428568664
1393;0:00:13.414373;16825.115230993022;0.1051428571428295
1394;0:00:10.549655;19263.437259697304;0.10449999999997236
1395;0:00:09.504504;15522.930535280571;0.10385714285711523
1396;0:00:12.506221;15343.130617998348;0.10321428571425809
1397;0:00:10.152342;12390.297746131815;0.10257142857140095
1398;0:00:09.607884;16182.560371352267;0.10192857142854381
1399;0:00:12.764417;14870.99153524197;0.10128571428568667
1400;0:00:09.356499;14035.067765656891;0.10064285714282953
1401;0:00:08.556367;15930.875646733599;0.09999999999997239
1402;0:00:11.965842;13314.84069485417;0.1
1403;0:00:10.581536;15720.525873734287;0.1
1404;0:00:05.807526;13733.840454975536;0.1
1405;0:00:13.106138;15112.507494676485;0.1
1406;0:00:10.738177;15484.164970519572;0.1
1407;0:00:07.251689;14689.310953019212;0.1
1408;0:00:10.940710;17156.159710818272;0.1
1409;0:00:13.278769;19739.00546136897;0.1
1410;0:00:06.980401;14048.375592836212;0.1
1411;0:00:10.460928;15935.473235829033;0.1
1412;0:00:10.484778;13230.525229594637;0.1
1413;0:00:08.446470;13639.941240797945;0.1
1414;0:00:09.659942;18959.249108691223;0.1
1415;0:00:11.323041;12662.655569267516;0.1
1416;0:00:10.940329;16245.912803504256;0.1
1417;0:00:06.736368;16637.050958000913;0.1
1418;0:00:10.840994;13824.069028096845;0.1
1419;0:00:11.397629;19125.866270130347;0.1
1420;0:00:07.625275;14487.401843799902;0.1
1421;0:00:10.019481;16452.039052704655;0.1
1422;0:00:12.667164;16537.146309062864;0.1
1423;0:00:08.215745;13286.173671618031;0.1
1424;0:00:09.125452;17629.30855723946;0.1
1425;0:00:11.056463;18678.041473659163;0.1
1426;0:00:09.739010;18965.77517737488;0.1
1427;0:00:06.354226;12205.176777896351;0.1
1428;0:00:12.115812;17952.120917055698;0.1
1429;0:00:12.000073;19388.481393089107;0.1
1430;0:00:07.220805;15580.98047100578;0.1
1431;0:00:09.300810;17455.5983336979;0.1
1432;0:00:11.434361;17846.657230258937;0.1
1433;0:00:08.523449;13553.047184344356;0.1
1434;0:00:08.107047;12798.457807497825;0.1
1435;0:00:10.883456;12345.40897792359;0.1
1436;0:00:11.135517;13615.33984573558;0.1
1437;0:00:07.496124;13737.574454332445;0.1
1438;0:00:12.249924;23311.783070872436;0.1
1439;0:00:10.532951;14897.669892266977;0.1
1440;0:00:06.344594;11387.587248829548;0.1
1441;0:00:08.679712;11969.955546898724;0.1
1442;0:00:11.180236;14900.904116685133;0.1
1443;0:00:09.799679;17064.043572963696;0.1
1444;0:00:07.092952;14205.652472722397;0.1
1445;0:00:10.445834;12761.821254087226;0.1
1446;0:00:10.629646;14995.450420989688;0.1
1447;0:00:08.291654;12687.81065246512;0.1
1448;0:00:09.558888;13795.764036750508;0.1
1449;0:00:11.215047;15021.804772745714;0.1
1450;0:00:10.795830;17217.596453750466;0.1
1451;0:00:09.852430;17437.89177416785;0.1
1452;0:00:12.253489;15140.428297982378;0.1
1453;0:00:09.394100;13991.402938785228;0.1
1454;0:00:07.448816;17528.151819418403;0.1
1455;0:00:11.690702;19088.933561232203;0.1
1456;0:00:10.709738;15218.657604832775;0.1
1457;0:00:07.252589;11891.332313113862;0.1
1458;0:00:09.231230;14535.476769681933;0.1
1459;0:00:10.179001;13380.015646419402;0.1
1460;0:00:09.078216;13776.931286390589;0.1
1461;0:00:08.685211;13705.556591952538;0.1
1462;0:00:10.244777;12188.401880357196;0.1
1463;0:00:07.879421;16713.77139951897;0.1
1464;0:00:08.131430;13462.405418008038;0.1
1465;0:00:07.416568;12944.897178810737;0.1
1466;0:00:08.059331;13430.640662052861;0.1
1467;0:00:10.529716;14852.60418326695;0.1
1468;0:00:10.016592;12867.879438873973;0.1
1469;0:00:08.995566;14742.466506648947;0.1
1470;0:00:07.739041;17871.106707438783;0.1
1471;0:00:07.781900;14042.750629738557;0.1
1472;0:00:07.885203;12544.075380173364;0.1
1473;0:00:08.391335;15183.056841820262;0.1
1474;0:00:07.378622;13237.15908596576;0.1
1475;0:00:07.482448;13069.174966098844;0.1
1476;0:00:07.330301;14189.94804350284;0.1
1477;0:00:07.826979;9543.111673297175;0.1
1478;0:00:07.973851;13102.594695300191;0.1
1479;0:00:07.958507;13588.249879551175;0.1
1480;0:00:08.683956;9840.509623337011;0.1
1481;0:00:11.970265;12518.743581920091;0.1
1482;0:00:09.073228;17536.30129546518;0.1
1483;0:00:11.399748;16012.680117672837;0.1
1484;0:00:12.302875;16151.176661247053;0.1
1485;0:00:08.382134;18461.775999244568;0.1
1486;0:00:09.212898;17152.382248414197;0.1
1487;0:00:09.333332;18745.773047734863;0.1
1488;0:00:09.238393;15553.239164785333;0.1
1489;0:00:09.058421;15574.838468736858;0.1
1490;0:00:08.566735;13338.769908635659;0.1
1491;0:00:08.855227;16022.299865790912;0.1
1492;0:00:08.953077;17567.072273486712;0.1
1493;0:00:08.464868;15814.860179864732;0.1
1494;0:00:08.583845;13877.542513066599;0.1
1495;0:00:08.590181;17820.34629090263;0.1
1496;0:00:08.915102;11300.712238618296;0.1
1497;0:00:09.286397;17158.91282634198;0.1
1498;0:00:08.799637;14569.603949977949;0.1
1499;0:00:10.246267;18751.13594149716;0.1
1500;0:00:11.709107;20447.12213526478;0.1
